lahore
mudassar
mustafa
20
4
2
4
2
gayle
45
3
456321
14523
456
31.4206
jack
12
98
456
120
2
3.8
hussnain
63
14
253
5633
230
0.0449139
asad
65
41
256
321
23
0.797508
ahsan
96
41
852
532
41
1.6015
leli
14
23
12
2
0
6
huzzi
45
243
45
36
2
1.25
mustaafa
85
23
1455
23654
45
0.0615118
nalaina
45
2356
214
23
35
9.30435
nalain
63
45
2536
145
234
17.4897
faisalabad
huzzi
hasan
44
2
3
4
5
hasan
96
145
2456
235
23
10.4511
hasaan
45
256
2345
12
3
195.417
ahsan
42
15
3652
65
33
56.1846
razzaq
4
5
65
2
31
32.5
usman
14
2563
148
256
4523
0.578125
abdullah
456
253
145
23
653
6.30435
ahmad
42
14
5236
1025
6
5.10829
ahmadnaeem
452
11
256
1452
7458
0.176309
9652
365
11
2563
1452
2541
1.76515
hassanshehzad
45
234
452
65
142
6.95385
